0.000000000000000000e+00 2.386000000000000065e-01 4.259999999999999898e-02 3.042000000000000259e-01 2.745000000000000218e-01 4.907000000000000250e-01 5.389000000000000457e-01 4.299999999999999656e-02 4.089999999999999747e-01 4.007000000000000006e-01 3.400000000000000244e-02 3.886000000000000010e-01 7.480000000000000537e-02 3.919999999999999873e-02 4.109999999999999765e-01 8.619999999999999885e-02 4.730000000000000177e-02 4.117999999999999994e-01 3.738000000000000211e-01 5.459000000000000519e-01 3.420000000000000123e-02 4.323000000000000176e-01 2.630000000000000046e-02 6.940000000000000335e-02 4.259999999999999898e-02 2.524000000000000132e-01 3.219999999999999946e-02 2.538000000000000256e-01
2.386000000000000065e-01 0.000000000000000000e+00 5.850000000000000339e-02 7.376000000000000334e-01 7.075000000000000178e-01 2.184999999999999998e-01 2.051999999999999935e-01 5.729999999999999677e-02 2.300000000000000100e-01 2.580000000000000071e-01 6.260000000000000286e-02 2.298000000000000043e-01 1.300999999999999934e-01 5.559999999999999665e-02 2.649000000000000243e-01 1.559999999999999998e-01 5.220000000000000334e-02 2.518000000000000238e-01 2.701000000000000068e-01 2.417999999999999872e-01 6.729999999999999871e-02 2.338000000000000078e-01 3.629999999999999893e-02 1.218999999999999945e-01 8.840000000000000635e-02 2.212999999999999967e-01 4.730000000000000177e-02 5.210000000000000187e-01
4.259999999999999898e-02 5.850000000000000339e-02 0.000000000000000000e+00 6.460000000000000464e-02 6.469999999999999363e-02 3.719999999999999696e-02 3.910000000000000281e-02 1.696000000000000008e-01 3.500000000000000333e-02 4.130000000000000338e-02 1.625999999999999945e-01 3.500000000000000333e-02 4.019999999999999962e-02 1.343999999999999917e-01 4.229999999999999732e-02 4.680000000000000132e-02 1.716999999999999915e-01 4.619999999999999801e-02 4.250000000000000305e-02 4.370000000000000273e-02 4.440000000000000197e-02 3.989999999999999797e-02 1.514999999999999958e-01 1.806000000000000105e-01 2.401000000000000079e-01 3.969999999999999918e-02 1.197000000000000008e-01 6.090000000000000274e-02
3.042000000000000259e-01 7.376000000000000334e-01 6.460000000000000464e-02 0.000000000000000000e+00 8.176999999999999824e-01 2.651999999999999913e-01 2.500999999999999890e-01 5.729999999999999677e-02 2.852000000000000091e-01 2.973999999999999977e-01 6.619999999999999496e-02 2.757999999999999896e-01 1.398999999999999966e-01 5.589999999999999830e-02 3.104999999999999982e-01 1.580999999999999905e-01 5.310000000000000137e-02 2.888999999999999901e-01 2.959999999999999853e-01 2.817999999999999949e-01 6.809999999999999387e-02 2.657999999999999807e-01 4.750000000000000056e-02 1.184999999999999942e-01 7.399999999999999634e-02 2.770000000000000240e-01 5.120000000000000245e-02 5.860999999999999543e-01
2.745000000000000218e-01 7.075000000000000178e-01 6.469999999999999363e-02 8.176999999999999824e-01 0.000000000000000000e+00 2.545000000000000040e-01 2.472999999999999921e-01 5.809999999999999887e-02 2.800000000000000266e-01 2.901000000000000245e-01 6.809999999999999387e-02 2.662999999999999812e-01 1.471000000000000085e-01 5.430000000000000104e-02 3.105999999999999872e-01 1.618999999999999884e-01 4.660000000000000253e-02 2.745000000000000218e-01 2.939999999999999836e-01 2.806000000000000161e-01 6.880000000000000004e-02 2.711999999999999966e-01 4.510000000000000120e-02 1.084999999999999992e-01 9.800000000000000377e-02 2.631999999999999895e-01 4.979999999999999705e-02 5.644000000000000128e-01
4.907000000000000250e-01 2.184999999999999998e-01 3.719999999999999696e-02 2.651999999999999913e-01 2.545000000000000040e-01 0.000000000000000000e+00 4.929999999999999938e-01 3.090000000000000038e-02 3.556000000000000272e-01 3.563999999999999946e-01 3.130000000000000143e-02 3.290000000000000147e-01 8.200000000000000344e-02 3.219999999999999946e-02 3.971000000000000085e-01 7.470000000000000251e-02 3.769999999999999740e-02 3.462000000000000077e-01 3.812999999999999723e-01 4.973000000000000198e-01 2.779999999999999832e-02 3.613000000000000100e-01 2.620000000000000107e-02 5.929999999999999855e-02 4.309999999999999942e-02 1.968000000000000027e-01 3.330000000000000321e-02 2.409000000000000030e-01
5.389000000000000457e-01 2.051999999999999935e-01 3.910000000000000281e-02 2.500999999999999890e-01 2.472999999999999921e-01 4.929999999999999938e-01 0.000000000000000000e+00 3.540000000000000091e-02 3.938999999999999724e-01 3.790999999999999925e-01 3.049999999999999933e-02 3.602000000000000202e-01 9.030000000000000526e-02 3.239999999999999825e-02 4.270999999999999797e-01 8.659999999999999643e-02 4.240000000000000019e-02 3.936999999999999944e-01 4.025000000000000244e-01 5.557999999999999607e-01 3.300000000000000155e-02 3.895000000000000129e-01 3.020000000000000115e-02 6.289999999999999758e-02 4.009999999999999676e-02 2.097999999999999865e-01 3.570000000000000256e-02 2.401999999999999968e-01
4.299999999999999656e-02 5.729999999999999677e-02 1.696000000000000008e-01 5.729999999999999677e-02 5.809999999999999887e-02 3.090000000000000038e-02 3.540000000000000091e-02 0.000000000000000000e+00 3.440000000000000002e-02 3.540000000000000091e-02 6.500000000000000222e-01 2.850000000000000103e-02 3.570000000000000256e-02 4.666000000000000147e-01 3.950000000000000039e-02 4.209999999999999853e-02 5.875000000000000222e-01 4.449999999999999789e-02 3.459999999999999881e-02 3.520000000000000212e-02 4.519999999999999712e-02 3.620000000000000301e-02 4.687999999999999945e-01 1.491999999999999993e-01 1.773000000000000131e-01 3.649999999999999772e-02 3.997999999999999887e-01 5.879999999999999810e-02
4.089999999999999747e-01 2.300000000000000100e-01 3.500000000000000333e-02 2.852000000000000091e-01 2.800000000000000266e-01 3.556000000000000272e-01 3.938999999999999724e-01 3.440000000000000002e-02 0.000000000000000000e+00 3.361999999999999988e-01 3.760000000000000148e-02 3.277999999999999803e-01 7.649999999999999856e-02 3.409999999999999837e-02 3.906999999999999917e-01 9.360000000000000264e-02 3.339999999999999913e-02 3.513000000000000012e-01 4.050000000000000266e-01 4.195999999999999730e-01 3.080000000000000099e-02 5.884000000000000341e-01 2.230000000000000038e-02 6.650000000000000355e-02 4.270000000000000184e-02 2.039999999999999869e-01 2.210000000000000159e-02 2.639000000000000234e-01
4.007000000000000006e-01 2.580000000000000071e-01 4.130000000000000338e-02 2.973999999999999977e-01 2.901000000000000245e-01 3.563999999999999946e-01 3.790999999999999925e-01 3.540000000000000091e-02 3.361999999999999988e-01 0.000000000000000000e+00 3.699999999999999817e-02 3.256000000000000005e-01 7.729999999999999372e-02 3.230000000000000232e-02 5.092999999999999750e-01 8.540000000000000369e-02 4.100000000000000172e-02 4.576000000000000068e-01 4.386999999999999789e-01 4.114999999999999769e-01 4.159999999999999809e-02 3.604999999999999871e-01 3.699999999999999817e-02 7.290000000000000646e-02 4.850000000000000144e-02 1.958000000000000018e-01 3.520000000000000212e-02 2.551999999999999824e-01
3.400000000000000244e-02 6.260000000000000286e-02 1.625999999999999945e-01 6.619999999999999496e-02 6.809999999999999387e-02 3.130000000000000143e-02 3.049999999999999933e-02 6.500000000000000222e-01 3.760000000000000148e-02 3.699999999999999817e-02 0.000000000000000000e+00 2.970000000000000070e-02 3.320000000000000034e-02 5.348000000000000531e-01 3.699999999999999817e-02 5.199999999999999761e-02 6.261999999999999789e-01 4.290000000000000063e-02 3.309999999999999748e-02 3.320000000000000034e-02 4.370000000000000273e-02 3.570000000000000256e-02 5.547999999999999599e-01 1.544000000000000095e-01 1.973999999999999921e-01 3.660000000000000059e-02 4.067999999999999949e-01 6.370000000000000662e-02
3.886000000000000010e-01 2.298000000000000043e-01 3.500000000000000333e-02 2.757999999999999896e-01 2.662999999999999812e-01 3.290000000000000147e-01 3.602000000000000202e-01 2.850000000000000103e-02 3.277999999999999803e-01 3.256000000000000005e-01 2.970000000000000070e-02 0.000000000000000000e+00 7.630000000000000671e-02 2.989999999999999949e-02 3.458999999999999853e-01 8.229999999999999816e-02 2.960000000000000131e-02 3.275000000000000133e-01 3.398999999999999799e-01 3.840000000000000080e-01 3.479999999999999760e-02 3.240000000000000102e-01 2.840000000000000163e-02 5.170000000000000290e-02 4.809999999999999692e-02 1.804999999999999938e-01 2.330000000000000127e-02 2.472999999999999921e-01
7.480000000000000537e-02 1.300999999999999934e-01 4.019999999999999962e-02 1.398999999999999966e-01 1.471000000000000085e-01 8.200000000000000344e-02 9.030000000000000526e-02 3.570000000000000256e-02 7.649999999999999856e-02 7.729999999999999372e-02 3.320000000000000034e-02 7.630000000000000671e-02 0.000000000000000000e+00 3.219999999999999946e-02 8.240000000000000102e-02 4.917000000000000259e-01 3.620000000000000301e-02 7.470000000000000251e-02 1.042000000000000010e-01 8.569999999999999840e-02 9.969999999999999696e-02 6.940000000000000335e-02 2.920000000000000026e-02 6.199999999999999956e-02 3.590000000000000135e-02 8.100000000000000255e-02 3.950000000000000039e-02 1.205999999999999989e-01
3.919999999999999873e-02 5.559999999999999665e-02 1.343999999999999917e-01 5.589999999999999830e-02 5.430000000000000104e-02 3.219999999999999946e-02 3.239999999999999825e-02 4.666000000000000147e-01 3.409999999999999837e-02 3.230000000000000232e-02 5.348000000000000531e-01 2.989999999999999949e-02 3.219999999999999946e-02 0.000000000000000000e+00 3.540000000000000091e-02 3.919999999999999873e-02 4.864999999999999880e-01 3.769999999999999740e-02 3.300000000000000155e-02 3.230000000000000232e-02 3.420000000000000123e-02 3.320000000000000034e-02 3.640999999999999792e-01 1.257000000000000062e-01 1.393000000000000071e-01 2.949999999999999845e-02 2.962000000000000188e-01 5.090000000000000080e-02
4.109999999999999765e-01 2.649000000000000243e-01 4.229999999999999732e-02 3.104999999999999982e-01 3.105999999999999872e-01 3.971000000000000085e-01 4.270999999999999797e-01 3.950000000000000039e-02 3.906999999999999917e-01 5.092999999999999750e-01 3.699999999999999817e-02 3.458999999999999853e-01 8.240000000000000102e-02 3.540000000000000091e-02 0.000000000000000000e+00 9.479999999999999538e-02 4.440000000000000197e-02 4.606999999999999984e-01 6.830000000000000515e-01 4.277000000000000246e-01 3.960000000000000325e-02 4.086000000000000187e-01 3.470000000000000168e-02 7.480000000000000537e-02 5.260000000000000092e-02 1.804999999999999938e-01 3.780000000000000027e-02 2.671000000000000041e-01
8.619999999999999885e-02 1.559999999999999998e-01 4.680000000000000132e-02 1.580999999999999905e-01 1.618999999999999884e-01 7.470000000000000251e-02 8.659999999999999643e-02 4.209999999999999853e-02 9.360000000000000264e-02 8.540000000000000369e-02 5.199999999999999761e-02 8.229999999999999816e-02 4.917000000000000259e-01 3.919999999999999873e-02 9.479999999999999538e-02 0.000000000000000000e+00 4.800000000000000100e-02 7.870000000000000606e-02 9.929999999999999938e-02 8.409999999999999420e-02 1.207000000000000017e-01 8.150000000000000300e-02 3.520000000000000212e-02 7.729999999999999372e-02 6.619999999999999496e-02 7.829999999999999460e-02 4.649999999999999967e-02 1.479999999999999927e-01
4.730000000000000177e-02 5.220000000000000334e-02 1.716999999999999915e-01 5.310000000000000137e-02 4.660000000000000253e-02 3.769999999999999740e-02 4.240000000000000019e-02 5.875000000000000222e-01 3.339999999999999913e-02 4.100000000000000172e-02 6.261999999999999789e-01 2.960000000000000131e-02 3.620000000000000301e-02 4.864999999999999880e-01 4.440000000000000197e-02 4.800000000000000100e-02 0.000000000000000000e+00 4.599999999999999922e-02 3.629999999999999893e-02 3.649999999999999772e-02 4.630000000000000088e-02 3.729999999999999982e-02 4.877000000000000224e-01 1.605999999999999928e-01 1.985999999999999988e-01 4.159999999999999809e-02 4.328000000000000180e-01 5.260000000000000092e-02
4.117999999999999994e-01 2.518000000000000238e-01 4.619999999999999801e-02 2.888999999999999901e-01 2.745000000000000218e-01 3.462000000000000077e-01 3.936999999999999944e-01 4.449999999999999789e-02 3.513000000000000012e-01 4.576000000000000068e-01 4.290000000000000063e-02 3.275000000000000133e-01 7.470000000000000251e-02 3.769999999999999740e-02 4.606999999999999984e-01 7.870000000000000606e-02 4.599999999999999922e-02 0.000000000000000000e+00 4.418000000000000260e-01 3.946999999999999953e-01 2.980000000000000010e-02 3.478999999999999870e-01 3.200000000000000067e-02 6.640000000000000069e-02 5.290000000000000258e-02 1.910000000000000031e-01 4.150000000000000216e-02 2.701999999999999957e-01
3.738000000000000211e-01 2.701000000000000068e-01 4.250000000000000305e-02 2.959999999999999853e-01 2.939999999999999836e-01 3.812999999999999723e-01 4.025000000000000244e-01 3.459999999999999881e-02 4.050000000000000266e-01 4.386999999999999789e-01 3.309999999999999748e-02 3.398999999999999799e-01 1.042000000000000010e-01 3.300000000000000155e-02 6.830000000000000515e-01 9.929999999999999938e-02 3.629999999999999893e-02 4.418000000000000260e-01 0.000000000000000000e+00 4.238000000000000100e-01 3.899999999999999994e-02 3.708000000000000185e-01 3.169999999999999901e-02 5.670000000000000040e-02 4.460000000000000075e-02 1.870999999999999885e-01 2.949999999999999845e-02 2.701000000000000068e-01
5.459000000000000519e-01 2.417999999999999872e-01 4.370000000000000273e-02 2.817999999999999949e-01 2.806000000000000161e-01 4.973000000000000198e-01 5.557999999999999607e-01 3.520000000000000212e-02 4.195999999999999730e-01 4.114999999999999769e-01 3.320000000000000034e-02 3.840000000000000080e-01 8.569999999999999840e-02 3.230000000000000232e-02 4.277000000000000246e-01 8.409999999999999420e-02 3.649999999999999772e-02 3.946999999999999953e-01 4.238000000000000100e-01 0.000000000000000000e+00 3.300000000000000155e-02 4.137000000000000122e-01 3.039999999999999994e-02 7.599999999999999811e-02 3.549999999999999684e-02 2.048999999999999988e-01 3.740000000000000269e-02 2.705000000000000182e-01
3.420000000000000123e-02 6.729999999999999871e-02 4.440000000000000197e-02 6.809999999999999387e-02 6.880000000000000004e-02 2.779999999999999832e-02 3.300000000000000155e-02 4.519999999999999712e-02 3.080000000000000099e-02 4.159999999999999809e-02 4.370000000000000273e-02 3.479999999999999760e-02 9.969999999999999696e-02 3.420000000000000123e-02 3.960000000000000325e-02 1.207000000000000017e-01 4.630000000000000088e-02 2.980000000000000010e-02 3.899999999999999994e-02 3.300000000000000155e-02 0.000000000000000000e+00 3.699999999999999817e-02 3.540000000000000091e-02 5.960000000000000020e-02 4.349999999999999700e-02 5.000000000000000278e-02 3.099999999999999978e-02 5.210000000000000048e-02
4.323000000000000176e-01 2.338000000000000078e-01 3.989999999999999797e-02 2.657999999999999807e-01 2.711999999999999966e-01 3.613000000000000100e-01 3.895000000000000129e-01 3.620000000000000301e-02 5.884000000000000341e-01 3.604999999999999871e-01 3.570000000000000256e-02 3.240000000000000102e-01 6.940000000000000335e-02 3.320000000000000034e-02 4.086000000000000187e-01 8.150000000000000300e-02 3.729999999999999982e-02 3.478999999999999870e-01 3.708000000000000185e-01 4.137000000000000122e-01 3.699999999999999817e-02 0.000000000000000000e+00 2.599999999999999881e-02 6.619999999999999496e-02 3.500000000000000333e-02 2.021999999999999909e-01 2.489999999999999852e-02 2.510999999999999899e-01
2.630000000000000046e-02 3.629999999999999893e-02 1.514999999999999958e-01 4.750000000000000056e-02 4.510000000000000120e-02 2.620000000000000107e-02 3.020000000000000115e-02 4.687999999999999945e-01 2.230000000000000038e-02 3.699999999999999817e-02 5.547999999999999599e-01 2.840000000000000163e-02 2.920000000000000026e-02 3.640999999999999792e-01 3.470000000000000168e-02 3.520000000000000212e-02 4.877000000000000224e-01 3.200000000000000067e-02 3.169999999999999901e-02 3.039999999999999994e-02 3.540000000000000091e-02 2.599999999999999881e-02 0.000000000000000000e+00 7.299999999999999545e-02 2.011999999999999900e-01 2.440000000000000155e-02 2.968999999999999972e-01 4.449999999999999789e-02
6.940000000000000335e-02 1.218999999999999945e-01 1.806000000000000105e-01 1.184999999999999942e-01 1.084999999999999992e-01 5.929999999999999855e-02 6.289999999999999758e-02 1.491999999999999993e-01 6.650000000000000355e-02 7.290000000000000646e-02 1.544000000000000095e-01 5.170000000000000290e-02 6.199999999999999956e-02 1.257000000000000062e-01 7.480000000000000537e-02 7.729999999999999372e-02 1.605999999999999928e-01 6.640000000000000069e-02 5.670000000000000040e-02 7.599999999999999811e-02 5.960000000000000020e-02 6.619999999999999496e-02 7.299999999999999545e-02 0.000000000000000000e+00 1.882000000000000062e-01 6.650000000000000355e-02 1.057000000000000023e-01 1.199999999999999956e-01
4.259999999999999898e-02 8.840000000000000635e-02 2.401000000000000079e-01 7.399999999999999634e-02 9.800000000000000377e-02 4.309999999999999942e-02 4.009999999999999676e-02 1.773000000000000131e-01 4.270000000000000184e-02 4.850000000000000144e-02 1.973999999999999921e-01 4.809999999999999692e-02 3.590000000000000135e-02 1.393000000000000071e-01 5.260000000000000092e-02 6.619999999999999496e-02 1.985999999999999988e-01 5.290000000000000258e-02 4.460000000000000075e-02 3.549999999999999684e-02 4.349999999999999700e-02 3.500000000000000333e-02 2.011999999999999900e-01 1.882000000000000062e-01 0.000000000000000000e+00 3.969999999999999918e-02 1.441000000000000059e-01 7.720000000000000473e-02
2.524000000000000132e-01 2.212999999999999967e-01 3.969999999999999918e-02 2.770000000000000240e-01 2.631999999999999895e-01 1.968000000000000027e-01 2.097999999999999865e-01 3.649999999999999772e-02 2.039999999999999869e-01 1.958000000000000018e-01 3.660000000000000059e-02 1.804999999999999938e-01 8.100000000000000255e-02 2.949999999999999845e-02 1.804999999999999938e-01 7.829999999999999460e-02 4.159999999999999809e-02 1.910000000000000031e-01 1.870999999999999885e-01 2.048999999999999988e-01 5.000000000000000278e-02 2.021999999999999909e-01 2.440000000000000155e-02 6.650000000000000355e-02 3.969999999999999918e-02 0.000000000000000000e+00 3.039999999999999994e-02 2.504000000000000115e-01
3.219999999999999946e-02 4.730000000000000177e-02 1.197000000000000008e-01 5.120000000000000245e-02 4.979999999999999705e-02 3.330000000000000321e-02 3.570000000000000256e-02 3.997999999999999887e-01 2.210000000000000159e-02 3.520000000000000212e-02 4.067999999999999949e-01 2.330000000000000127e-02 3.950000000000000039e-02 2.962000000000000188e-01 3.780000000000000027e-02 4.649999999999999967e-02 4.328000000000000180e-01 4.150000000000000216e-02 2.949999999999999845e-02 3.740000000000000269e-02 3.099999999999999978e-02 2.489999999999999852e-02 2.968999999999999972e-01 1.057000000000000023e-01 1.441000000000000059e-01 3.039999999999999994e-02 0.000000000000000000e+00 4.630000000000000088e-02
2.538000000000000256e-01 5.210000000000000187e-01 6.090000000000000274e-02 5.860999999999999543e-01 5.644000000000000128e-01 2.409000000000000030e-01 2.401999999999999968e-01 5.879999999999999810e-02 2.639000000000000234e-01 2.551999999999999824e-01 6.370000000000000662e-02 2.472999999999999921e-01 1.205999999999999989e-01 5.090000000000000080e-02 2.671000000000000041e-01 1.479999999999999927e-01 5.260000000000000092e-02 2.701999999999999957e-01 2.701000000000000068e-01 2.705000000000000182e-01 5.210000000000000048e-02 2.510999999999999899e-01 4.449999999999999789e-02 1.199999999999999956e-01 7.720000000000000473e-02 2.504000000000000115e-01 4.630000000000000088e-02 0.000000000000000000e+00
